940462	0
621901CA
9E412  	
62192945
F206218A
62194006
62191621
E88C57D	
62190771
94071130
62193956
E46218E4
74130011
01101621
51300110
7613070E
940462	0
621901CA
9E412  	
62192945
F206218A
62194006
62191621
E88C57D	
62190771
94071130
62193956
E46218E4
74130011
01101621
51300110
7613070E
940462	0
621901CA
9E412  	
62192945
F206218A
62194006
62191621
E88C57D	
62190771
94071130
62193956
E46218E4
74130011
01101621
51300110
7613070E
940462	0
621901CA
9E412  	
62192945
F206218A
62194006
62191621
E88C57D	
62190771
94071130
62193956
E46218E4
74130011
01101621
51300110
7613070E
940462	0
621901CA
9E412  	
62192945
F206218A
62194006
62191621
E88C57D	
62190771
94071130
62193956
E46218E4
74130011
01101621
51300110
7613070E
940462	0
621901CA
9E412  	
62192945
F206218A
62194006
62191621
E88C57D	
62190771
94071130
62193956
E46218E4
74130011
01101621
51300110
7613070E
